167.750000 0.000000 0.391000 1.000000
215.750000 0.201289 0.391000 1.000000
250.875000 0.608338 0.299000 1.000000
283.250000 0.816891 0.299000 1.000000
308.875000 1.229108 0.299000 1.000000
331.375000 1.435148 0.299000 2.000000
345.000000 1.839701 0.299000 2.000000
356.625000 2.039793 0.435000 2.000000
368.125000 2.242683 0.435000 2.000000
379.000000 2.452078 0.435000 3.000000
391.500000 2.659693 0.435000 3.000000
405.375000 2.861087 0.435000 3.000000
422.625000 3.061746 0.435000 3.000000
441.250000 3.262741 0.454000 3.000000
460.625000 3.468869 0.454000 4.000000
484.625000 3.669696 0.454000 4.000000
506.875000 3.870918 0.454000 4.000000
536.625000 4.074816 0.454000 4.000000
559.750000 4.490624 0.454000 5.000000
582.375000 4.693417 0.526000 5.000000
614.375000 5.101276 0.526000 5.000000
632.500000 5.513454 0.526000 5.000000
652.375000 5.933203 0.526000 5.000000
682.125000 6.361330 0.526000 6.000000
704.000000 6.790247 0.526000 6.000000
726.250000 7.221986 0.543000 6.000000
744.375000 7.847185 0.543000 6.000000
763.000000 8.265635 0.543000 7.000000
778.875000 8.671452 0.543000 7.000000
800.000000 9.087200 0.543000 7.000000
815.125000 9.298317 0.543000 7.000000
830.250000 9.718871 0.543000 8.000000
844.875000 9.923672 0.814000 8.000000
859.125000 10.338322 0.814000 8.000000
869.500000 10.542459 0.814000 8.000000
876.000000 10.542459 0.814000 8.000000
881.875000 10.748189 0.814000 9.000000
891.500000 10.969664 0.814000 9.000000
896.875000 11.173672 0.814000 9.000000
903.750000 11.173672 0.814000 9.000000
914.375000 11.374856 0.836000 10.000000
924.375000 11.578355 0.836000 10.000000
934.250000 11.780869 0.836000 10.000000
946.500000 11.984727 0.836000 10.000000
962.375000 12.190651 0.836000 10.000000
978.125000 12.394196 0.836000 11.000000
992.625000 12.601321 0.836000 11.000000
1009.000000 12.807362 0.859000 11.000000
1026.375000 13.012127 0.859000 11.000000
1042.625000 13.430062 0.859000 12.000000
1063.125000 13.634097 0.859000 12.000000
1084.250000 14.049574 0.859000 12.000000
1107.125000 14.465322 0.859000 12.000000
1129.500000 14.898531 0.859000 12.000000
1147.625000 15.311232 0.859000 13.000000
1164.875000 15.519635 0.961000 13.000000
1195.875000 15.927459 0.961000 13.000000
1220.000000 16.551125 0.961000 13.000000
1245.750000 16.979002 0.961000 14.000000
1264.875000 17.391502 0.961000 14.000000
1293.000000 17.824923 0.961000 14.000000
1313.125000 18.457378 0.961000 14.000000
1331.875000 18.886663 0.860000 15.000000
1349.375000 19.298916 0.860000 15.000000
1362.000000 19.716280 0.860000 15.000000
1373.250000 20.133989 0.860000 15.000000
1382.250000 20.337458 0.860000 15.000000
1394.625000 20.754206 0.860000 16.000000
1405.125000 20.962755 0.860000 16.000000
1414.125000 21.378197 0.822000 16.000000
1420.500000 21.583366 0.822000 16.000000
1441.125000 22.001596 0.822000 17.000000
1454.000000 22.429890 0.822000 17.000000
1466.875000 22.853081 0.822000 17.000000
1479.375000 23.469320 0.822000 17.000000
1489.375000 23.876181 0.822000 18.000000
1500.375000 24.298851 0.798000 18.000000
1509.625000 24.714550 0.798000 18.000000
1523.000000 25.126568 0.798000 18.000000
1535.750000 25.327431 0.798000 18.000000
1547.500000 25.738901 0.798000 19.000000
1562.125000 25.945152 0.798000 19.000000
1579.750000 26.372171 0.798000 19.000000
1600.375000 26.580393 0.655000 19.000000
1620.250000 27.001915 0.655000 20.000000
1639.875000 27.412132 0.655000 20.000000
1660.125000 27.821766 0.655000 20.000000
1675.625000 28.037592 0.655000 20.000000
1691.750000 28.453814 0.655000 20.000000
1704.375000 28.873875 0.655000 21.000000
1716.375000 29.300152 0.643000 21.000000
1726.625000 29.710682 0.643000 21.000000
1737.000000 29.916775 0.643000 21.000000
1748.125000 30.125767 0.643000 22.000000
1756.500000 30.532471 0.643000 22.000000
1762.875000 30.735790 0.643000 22.000000
1767.875000 30.939716 0.651000 22.000000
1772.625000 31.139942 0.651000 22.000000
1775.875000 31.345533 0.651000 23.000000
1785.375000 31.545904 0.651000 23.000000
1791.375000 31.967707 0.651000 23.000000
1795.750000 32.172218 0.651000 23.000000
1798.500000 32.587006 0.596000 24.000000
1803.875000 33.005070 0.596000 24.000000
1809.750000 33.211750 0.596000 24.000000
1817.125000 33.622971 0.596000 24.000000
1823.375000 34.253139 0.596000 25.000000
1830.875000 34.457233 0.596000 25.000000
1838.750000 34.878342 0.569000 25.000000
1848.000000 35.298313 0.569000 25.000000
1856.000000 35.707245 0.569000 25.000000
1863.000000 35.910572 0.569000 26.000000
1872.875000 36.317928 0.569000 26.000000
1883.750000 36.740353 0.569000 26.000000
1901.000000 36.942513 0.569000 26.000000
1915.125000 37.346329 0.625000 27.000000
1930.625000 37.762054 0.625000 27.000000
1948.500000 38.170357 0.625000 27.000000
1980.500000 38.590363 0.625000 27.000000
2031.750000 39.014084 0.625000 27.000000
2057.625000 39.415550 0.625000 28.000000
2082.375000 39.841415 0.644000 28.000000
2102.750000 40.256538 0.644000 28.000000
2121.000000 40.673763 0.644000 28.000000
2135.375000 41.088600 0.644000 29.000000
2149.625000 41.295353 0.644000 29.000000
2162.625000 41.722672 0.644000 29.000000
2176.000000 42.142361 0.644000 29.000000
2188.250000 42.549644 0.825000 30.000000
2202.250000 42.762291 0.825000 30.000000
2215.750000 43.384827 0.825000 30.000000
2229.250000 43.806091 0.825000 30.000000
2245.625000 44.243782 0.825000 30.000000
2259.875000 44.671898 0.825000 31.000000
2275.375000 45.104706 0.825000 31.000000
2288.250000 45.728756 0.741000 31.000000
2299.750000 45.940754 0.741000 31.000000
2309.000000 46.351189 0.741000 32.000000
2317.500000 46.556572 0.741000 32.000000
2324.750000 46.973530 0.741000 32.000000
2331.750000 47.180710 0.741000 32.000000
2336.875000 47.386383 0.741000 33.000000
2342.500000 47.805618 0.726000 33.000000
2346.750000 48.020344 0.726000 33.000000
2351.500000 48.447502 0.726000 33.000000
2355.125000 48.864754 0.726000 33.000000
2358.875000 49.292332 0.726000 34.000000
2362.125000 49.710957 0.726000 34.000000
2365.625000 50.132107 0.781000 34.000000
2371.875000 50.343021 0.781000 34.000000
2376.750000 50.758308 0.781000 35.000000
2381.625000 50.959587 0.781000 35.000000
2385.375000 51.382450 0.781000 35.000000
2387.500000 51.585098 0.781000 35.000000
2390.875000 52.001320 0.781000 36.000000
2394.125000 52.212753 0.763000 36.000000
2396.000000 52.420879 0.763000 36.000000
2397.125000 52.628834 0.763000 36.000000
2398.250000 52.830593 0.763000 36.000000
2400.125000 53.033756 0.763000 37.000000
2402.375000 53.237949 0.763000 37.000000
2403.250000 53.237949 0.763000 37.000000
2404.375000 53.438118 0.666000 37.000000
2406.625000 53.438118 0.666000 38.000000
2409.250000 53.640865 0.666000 38.000000
2412.500000 53.848244 0.666000 38.000000
2416.875000 54.050728 0.666000 38.000000
2420.500000 54.253689 0.666000 39.000000
2423.375000 54.456852 0.599000 39.000000
2426.000000 54.661221 0.599000 39.000000
2429.125000 54.869762 0.599000 39.000000
2432.625000 55.072369 0.599000 39.000000
2435.625000 55.277172 0.599000 40.000000
2439.000000 55.683613 0.599000 40.000000
2447.000000 55.885223 0.618000 40.000000
2453.000000 56.096878 0.618000 40.000000
2459.375000 56.507767 0.618000 41.000000
2464.875000 56.927727 0.618000 41.000000
2472.500000 57.338657 0.618000 41.000000
2480.875000 57.757622 0.618000 41.000000
2487.500000 58.172653 0.593000 42.000000
2496.375000 58.595699 0.593000 42.000000
2506.750000 59.013752 0.593000 42.000000
2519.500000 59.448006 0.593000 42.000000
2536.375000 60.104553 0.593000 42.000000
2548.250000 60.531212 0.593000 43.000000
2562.500000 60.948341 0.611000 43.000000
2575.000000 61.350700 0.611000 43.000000
2586.125000 61.964226 0.611000 43.000000
2596.125000 62.382896 0.611000 44.000000
2606.375000 62.808784 0.611000 44.000000
2617.375000 63.228653 0.611000 44.000000
2627.000000 63.658733 0.611000 44.000000
2638.750000 64.281174 0.721000 45.000000
2650.375000 64.703011 0.721000 45.000000
2661.000000 65.137932 0.721000 45.000000
2671.375000 65.545006 0.721000 45.000000
2725.000000 65.956490 0.721000 45.000000
2755.375000 66.374069 0.721000 46.000000
2780.250000 66.791321 0.721000 46.000000
2804.750000 67.217194 0.788000 46.000000
2815.000000 67.626808 0.788000 46.000000
2822.750000 68.050354 0.788000 47.000000
2832.750000 68.255959 0.788000 47.000000
2839.625000 68.681564 0.788000 47.000000
2847.625000 68.884277 0.788000 47.000000
2854.625000 69.309647 0.788000 47.000000
2862.250000 69.723793 0.788000 48.000000
2870.250000 69.935112 0.865000 48.000000
2875.125000 70.351959 0.865000 48.000000
2880.500000 70.776779 0.865000 48.000000
2884.500000 71.190018 0.865000 49.000000
2888.500000 71.393730 0.865000 49.000000
2897.250000 72.019974 0.865000 49.000000
2905.000000 72.223640 0.698000 49.000000
2916.125000 72.652405 0.698000 50.000000
2924.750000 73.066208 0.698000 50.000000
2932.875000 73.484871 0.698000 50.000000
2941.000000 73.905052 0.698000 50.000000
2949.625000 74.325546 0.698000 50.000000
2959.750000 74.747162 0.698000 51.000000
2975.250000 75.166687 0.696000 51.000000
2991.375000 75.582275 0.696000 51.000000
3009.875000 76.007889 0.696000 51.000000
3031.750000 76.635757 0.696000 52.000000
3048.875000 76.845665 0.696000 52.000000
3072.500000 77.469521 0.696000 52.000000
3094.500000 77.881401 0.676000 52.000000
3114.125000 78.290016 0.676000 53.000000
3135.125000 78.703415 0.676000 53.000000
3154.875000 79.135452 0.676000 53.000000
3175.125000 79.541023 0.676000 53.000000
3193.125000 79.958130 0.676000 53.000000
3209.500000 80.363678 0.676000 54.000000
3227.625000 80.990059 0.736000 54.000000
3244.625000 81.204529 0.736000 54.000000
3259.750000 81.841934 0.736000 54.000000
3276.000000 82.263802 0.736000 55.000000
3291.500000 82.676010 0.736000 55.000000
3306.125000 83.095787 0.736000 55.000000
3320.375000 83.500099 0.736000 55.000000
3335.250000 83.919952 0.736000 55.000000
3345.000000 84.329323 0.851000 56.000000
3356.125000 84.750740 0.851000 56.000000
3371.750000 84.952484 0.851000 56.000000
3384.375000 85.371689 0.851000 56.000000
3396.375000 85.583794 0.851000 57.000000
3408.000000 85.996788 0.851000 57.000000
3421.125000 86.204430 0.684000 57.000000
3436.000000 86.410706 0.684000 57.000000
3448.250000 86.827957 0.684000 58.000000
3458.875000 87.029144 0.684000 58.000000
3470.125000 87.440666 0.684000 58.000000
3480.500000 87.650940 0.684000 58.000000
3491.500000 88.066704 0.684000 58.000000
3501.875000 88.267471 0.661000 59.000000
3510.625000 88.476692 0.661000 59.000000
3519.750000 88.686989 0.661000 59.000000
3527.250000 89.106079 0.661000 59.000000
3534.750000 89.306526 0.661000 60.000000
3540.625000 89.510338 0.661000 60.000000
3546.000000 89.712341 0.520000 60.000000
3549.875000 89.915665 0.520000 60.000000
3555.375000 90.120308 0.520000 61.000000
3559.500000 90.327843 0.520000 61.000000
3565.000000 90.537666 0.520000 61.000000
3571.000000 90.951973 0.520000 61.000000
3576.750000 91.157349 0.510000 61.000000
3582.125000 91.580711 0.510000 62.000000
3587.000000 91.794250 0.510000 62.000000
3593.500000 92.208359 0.510000 62.000000
3598.875000 92.634308 0.510000 62.000000
3605.250000 93.054718 0.461000 63.000000
3611.375000 93.478340 0.461000 63.000000
3617.250000 93.679047 0.461000 63.000000
3620.500000 94.098885 0.461000 63.000000
3624.500000 94.298950 0.461000 63.000000
3629.125000 94.712280 0.461000 64.000000
3633.875000 94.915230 0.410000 64.000000
3636.500000 95.122566 0.410000 64.000000
3640.125000 95.330292 0.410000 64.000000
3644.625000 95.531967 0.410000 65.000000
3649.875000 95.732018 0.410000 65.000000
3654.500000 95.933693 0.395000 65.000000
3657.625000 96.137978 0.395000 65.000000
3662.125000 96.340561 0.395000 66.000000
3664.625000 96.549347 0.395000 66.000000
3669.625000 96.751381 0.395000 66.000000
3673.875000 97.157784 0.395000 66.000000
3676.000000 97.366592 0.439000 66.000000
3680.000000 97.574547 0.439000 67.000000
3682.500000 97.776688 0.439000 67.000000
3684.250000 97.985252 0.439000 67.000000
3686.375000 98.194809 0.439000 67.000000
3688.000000 98.404404 0.439000 68.000000
3689.500000 98.812805 0.398000 68.000000
3691.375000 99.021049 0.398000 68.000000
3692.625000 99.227745 0.398000 68.000000
3694.000000 99.431244 0.398000 68.000000
3696.500000 99.847870 0.398000 69.000000
3699.250000 100.051804 0.415000 69.000000
3701.875000 100.463356 0.415000 69.000000
3704.875000 100.671562 0