0.190559 -0.053047 1.037023 0.000000 -0.000000 0.000000 0.000000
0.378531 -0.113825 1.075616 0.000000 -0.000000 0.000000 1.000000
0.571435 -0.177800 1.113243 0.000000 -0.000000 0.000000 1.000000
0.759494 -0.237946 1.147310 0.000000 -0.000000 0.000000 1.000000
0.957155 -0.296459 1.178945 0.000000 -0.000000 0.000000 1.000000
1.157548 -0.350015 1.206537 0.000000 -0.000000 0.000000 1.000000
1.353609 -0.397126 1.229661 0.000000 -0.000000 0.000000 1.000000
1.554137 -0.440048 1.249630 0.000000 -0.000000 0.000000 2.000000
1.754271 -0.477937 1.266194 0.000000 -0.000000 0.000000 2.000000
1.951436 -0.510101 1.279160 0.000000 -0.000000 0.000000 2.000000
2.149736 -0.534957 1.288953 0.000000 -0.000000 0.000000 2.000000
2.351417 -0.555746 1.296501 0.000000 -0.000000 0.000000 2.000000
2.560632 -0.554665 1.305130 0.000000 -0.000000 0.000000 2.000000
2.763683 -0.513465 1.318410 0.000000 -0.000000 0.000000 3.000000
2.944120 -0.426269 1.338383 0.000000 -0.000000 0.000000 3.000000
3.090129 -0.291426 1.366000 0.000000 -0.000000 0.000000 3.000000
3.219564 -0.140792 1.396904 0.000000 -0.000000 0.000000 3.000000
3.339772 0.022345 1.434655 0.000000 -0.000000 0.000000 4.000000
3.449514 0.185692 1.474732 0.000000 -0.000000 0.000000 4.000000
3.544189 0.358849 1.514020 0.000000 -0.000000 0.000000 4.000000
3.633296 0.538106 1.552762 0.000000 -0.000000 0.000000 4.000000
3.723476 0.719971 1.593780 0.000000 -0.000000 0.000000 4.000000
3.815343 0.902224 1.637419 0.000000 -0.000000 0.000000 5.000000
3.905468 1.078465 1.681482 0.000000 -0.000000 0.000000 5.000000
3.994541 1.253526 1.725656 0.000000 -0.000000 0.000000 5.000000
4.083295 1.434762 1.769617 0.000000 -0.000000 0.000000 5.000000
4.170838 1.618533 1.812765 0.000000 -0.000000 0.000000 5.000000
4.255394 1.799632 1.854108 0.000000 -0.000000 0.000000 5.000000
4.343311 1.991624 1.896603 0.000000 -0.000000 0.000000 5.000000
4.425364 2.174649 1.935696 0.000000 -0.000000 0.000000 5.000000
4.508625 2.364828 1.974709 0.000000 -0.000000 0.000000 6.000000
4.592341 2.561173 2.013180 0.000000 -0.000000 0.000000 6.000000
4.671243 2.750799 2.048691 0.000000 -0.000000 0.000000 6.000000
4.753162 2.952324 2.084610 0.000000 -0.000000 0.000000 6.000000
4.833141 3.152503 2.119017 0.000000 -0.000000 0.000000 6.000000
4.910182 3.348878 2.151580 0.000000 -0.000000 0.000000 6.000000
4.984169 3.542028 2.182424 0.000000 -0.000000 0.000000 6.000000
5.053858 3.735131 2.211771 0.000000 -0.000000 0.000000 6.000000
5.118271 3.931627 2.239950 0.000000 -0.000000 0.000000 6.000000
5.177247 4.131176 2.267156 0.000000 -0.000000 0.000000 6.000000
5.230547 4.331137 2.293372 0.000000 -0.000000 0.000000 7.000000
5.278308 4.529592 2.318593 0.000000 -0.000000 0.000000 7.000000
5.320464 4.723761 2.342643 0.000000 -0.000000 0.000000 7.000000
5.360384 4.930832 2.367524 0.000000 -0.000000 0.000000 7.000000
5.393567 5.130191 2.390488 0.000000 -0.000000 0.000000 7.000000
5.421549 5.338241 2.412909 0.000000 -0.000000 0.000000 7.000000
5.441485 5.546844 2.433441 0.000000 -0.000000 0.000000 7.000000
5.454761 5.755576 2.452242 0.000000 -0.000000 0.000000 7.000000
5.461238 5.959603 2.468802 0.000000 -0.000000 0.000000 8.000000
5.461211 6.164155 2.483322 0.000000 -0.000000 0.000000 8.000000
5.454533 6.373277 2.495507 0.000000 -0.000000 0.000000 8.000000
5.444993 6.577013 2.504019 0.000000 -0.000000 0.000000 8.000000
5.439379 6.782622 2.508300 0.000000 -0.000000 0.000000 8.000000
5.464207 7.002681 2.505349 0.000000 -0.000000 0.000000 9.000000
5.503782 7.202745 2.500107 0.000000 -0.000000 0.000000 9.000000
5.590599 7.384054 2.492054 0.000000 -0.000000 0.000000 9.000000
5.701627 7.554442 2.484814 0.000000 -0.000000 0.000000 10.000000
5.819826 7.718816 2.480103 0.000000 -0.000000 0.000000 10.000000
5.943123 7.881134 2.477174 0.000000 -0.000000 0.000000 10.000000
6.071409 8.042204 2.475192 0.000000 -0.000000 0.000000 10.000000
6.199967 8.200003 2.473613 0.000000 -0.000000 0.000000 11.000000
6.333320 8.358485 2.472439 0.000000 -0.000000 0.000000 11.000000
6.468296 8.514156 2.471629 0.000000 -0.000000 0.000000 11.000000
6.605506 8.666150 2.471156 0.000000 -0.000000 0.000000 11.000000
6.751771 8.813908 2.470974 0.000000 -0.000000 0.000000 11.000000
6.904541 8.958035 2.471055 0.000000 -0.000000 0.000000 12.000000
7.052275 9.098764 2.471440 0.000000 -0.000000 0.000000 12.000000
7.201236 9.243247 2.471969 0.000000 -0.000000 0.000000 12.000000
7.349414 9.389152 2.472598 0.000000 -0.000000 0.000000 12.000000
7.491862 9.530648 2.473337 0.000000 -0.000000 0.000000 12.000000
7.643960 9.682558 2.474253 0.000000 -0.000000 0.000000 12.000000
7.797794 9.836577 2.475270 0.000000 -0.000000 0.000000 12.000000
7.950053 9.989108 2.476352 0.000000 -0.000000 0.000000 12.000000
8.098664 10.137780 2.477470 0.000000 -0.000000 0.000000 13.000000
8.242066 10.280732 2.478593 0.000000 -0.000000 0.000000 13.000000
8.390125 10.427392 2.479780 0.000000 -0.000000 0.000000 13.000000
8.537842 10.572001 2.480945 0.000000 -0.000000 0.000000 13.000000
8.682741 10.711449 2.482007 0.000000 -0.000000 0.000000 13.000000
8.838569 10.859002 2.483063 0.000000 -0.000000 0.000000 13.000000
8.991322 11.001640 2.484030 0.000000 -0.000000 0.000000 13.000000
9.138310 11.137353 2.484910 0.000000 -0.000000 0.000000 13.000000
9.292817 11.278629 2.485793 0.000000 -0.000000 0.000000 14.000000
9.454747 11.425350 2.486680 0.000000 -0.000000 0.000000 14.000000
9.606456 11.561622 2.487479 0.000000 -0.000000 0.000000 14.000000
9.763137 11.699293 2.488271 0.000000 -0.000000 0.000000 14.000000
9.926563 11.840884 2.489064 0.000000 -0.000000 0.000000 14.000000
10.091820 11.981808 2.489844 0.000000 -0.000000 0.000000 14.000000
10.256950 12.120421 2.490602 0.000000 -0.000000 0.000000 14.000000
10.419868 12.254974 2.491331 0.000000 -0.000000 0.000000 14.000000
10.579431 12.384563 2.492027 0.000000 -0.000000 0.000000 14.000000
10.751848 12.522069 2.492754 0.000000 -0.000000 0.000000 14.000000
10.915669 12.651446 2.493420 0.000000 -0.000000 0.000000 14.000000
11.074986 12.775480 2.494042 0.000000 -0.000000 0.000000 15.000000
11.239130 12.907018 2.494666 0.000000 -0.000000 0.000000 15.000000
11.402184 13.047737 2.495274 0.000000 -0.000000 0.000000 15.000000
11.547987 13.187518 2.495810 0.000000 -0.000000 0.000000 15.000000
11.687237 13.340018 2.496316 0.000000 -0.000000 0.000000 15.000000
11.816522 13.507021 2.496784 0.000000 -0.000000 0.000000 15.000000
11.926181 13.678409 2.497182 0.000000 -0.000000 0.000000 15.000000
12.020468 13.861093 2.497534 0.000000 -0.000000 0.000000 15.000000
12.099539 14.056898 2.497846 0.000000 -0.000000 0.000000 16.000000
12.162355 14.255762 2.498114 0.000000 -0.000000 0.000000 16.000000
12.211077 14.454752 2.498345 0.000000 -0.000000 0.000000 16.000000
12.248453 14.661982 2.498558 0.000000 -0.000000 0.000000 16.000000
12.271181 14.865888 2.498745 0.000000 -0.000000 0.000000 16.000000
12.279755 15.080889 2.498913 0.000000 -0.000000 0.000000 16.000000
12.277335 15.283934 2.499051 0.000000 -0.000000 0.000000 17.000000
12.266039 15.501336 2.499181 0.000000 -0.000000 0.000000 17.000000
12.248007 15.711161 2.499290 0.000000 -0.000000 0.000000 17.000000
12.222753 15.928849 2.499389 0.000000 -0.000000 0.000000 17.000000
12.193636 16.130804 2.499469 0.000000 -0.000000 0.000000 17.000000
12.158751 16.333858 2.499539 0.000000 -0.000000 0.000000 17.000000
12.118265 16.532907 2.499599 0.000000 -0.000000 0.000000 17.000000
12.071638 16.734676 2.499651 0.000000 -0.000000 0.000000 17.000000
12.021703 16.933687 2.499696 0.000000 -0.000000 0.000000 17.000000
11.969679 17.128542 2.499734 0.000000 -0.000000 0.000000 17.000000
11.911189 17.337057 2.499771 0.000000 -0.000000 0.000000 18.000000
11.853118 17.534815 2.499686 0.000000 -0.000000 0.000000 18.000000
11.793763 17.729324 2.499332 0.000000 -0.000000 0.000000 18.000000
11.724378 17.929983 2.496424 0.000000 -0.000000 0.000000 18.000000
11.647380 18.117138 2.489717 0.000000 -0.000000 0.000000 18.000000
11.555765 18.305256 2.478697 0.000000 -0.000000 0.000000 18.000000
11.456372 18.479218 2.464413 0.000000 -0.000000 0.000000 18.000000
11.341002 18.651800 2.445933 0.000000 -0.000000 0.000000 18.000000
11.216339 18.810608 2.424218 0.000000 -0.000000 0.000000 19.000000
11.077406 18.960621 2.397132 0.000000 -0.000000 0.000000 19.000000
10.921867 19.103165 2.362605 0.000000 -0.000000 0.000000 19.000000
10.757933 19.233179 2.321488 0.000000 -0.000000 0.000000 19.000000
10.591471 19.349369 2.275155 0.000000 -0.000000 0.000000 19.000000
10.414508 19.457647 2.222486 0.000000 -0.000000 0.000000 19.000000
10.236554 19.550203 2.169439 0.000000 -0.000000 0.000000 19.000000
10.059478 19.629341 2.117793 0.000000 -0.000000 0.000000 20.000000
9.870739 19.703045 2.064525 0.000000 -0.000000 0.000000 20.000000
9.687018 19.767223 2.014598 0.000000 -0.000000 0.000000 20.000000
9.493993 19.828554 1.964146 0.000000 -0.000000 0.000000 20.000000
9.292441 19.886835 1.913536 0.000000 -0.000000 0.000000 20.000000
9.098232 19.937998 1.866629 0.000000 -0.000000 0.000000 20.000000
8.898854 19.985237 1.820701 0.000000 -0.000000 0.000000 20.000000
8.697435 20.029545 1.775853 0.000000 -0.000000 0.000000 20.000000
8.497139 20.070808 1.732689 0.000000 -0.000000 0.000000 21.000000
8.290775 20.112579 1.689476 0.000000 -0.000000 0.000000 21.000000
8.087819 20.154419 1.647972 0.000000 -0.000000 0.000000 21.000000
7.890318 20.207874 1.606986 0.000000 -0.000000 0.000000 21.000000
7.705312 20.278322 1.567531 0.000000 -0.000000 0.000000 21.000000
7.527241 20.374519 1.528659 0.000000 -0.000000 0.000000 21.000000
7.364961 20.501148 1.492495 0.000000 -0.000000 0.000000 21.000000
7.231734 20.653564 1.461715 0.000000 -0.000000 0.000000 22.000000
7.131888 20.827282 1.436549 0.000000 -0.000000 0.000000 22.000000
7.053674 21.013676 1.414676 0.000000 -0.000000 0.000000 22.000000
7.000540 21.209713 1.396456 0.000000 -0.000000 0.000000 22.000000
6.968191 21.406708 1.381074 0.000000 -0.000000 0.000000 22.000000
6.956197 21.611547 1.368254 0.000000 -0.000000 0.000000 23.000000
6.962198 21.811632 1.359404 0.000000 -0.000000 0.000000 23.000000
6.980296 22.019905 1.353072 0.000000 -0.000000 0.000000 23.000000
7.007840 22.230703 1.348017 0.000000 -0.000000 0.000000 23.000000
7.040886 22.432478 1.343652 0.000000 -0.000000 0.000000 23.000000
7.079811 22.641796 1.339336 0.000000 -0.000000 0.000000 23.000000
7.119749 22.839602 1.335425 0.000000 -0.000000 0.000000 24.000000
7.165378 23.043858 1.331618 0.000000 -0.000000 0.000000 24.000000
7.217155 23.246046 1.328177 0.000000 -0.000000 0.000000 24.000000
7.273939 23.444748 1.325083 0.000000 -0.000000 0.000000 24.000000
7.333393 23.636351 1.322327 0.000000 -0.000000 0.000000 24.000000
7.399663 23.836218 1.319664 0.000000 -0.000000 0.000000 24.000000
7.472234 24.042891 1.317112 0.000000 -0.000000 0.000000 24.000000
7.542981 24.234753 1.314909 0.000000 -0.000000 0.000000 24.000000
7.617043 24.427616 1.312834 0.000000 -0.000000 0.000000 24.000000
7.691919 24.617470 1.310882 0.000000 -0.000000 0.000000 25.000000
7.774006 24.817171 1.309015 0.000000 -0.000000 0.000000 25.000000
7.852823 25.006605 1.307338 0.000000 -0.000000 0.000000 25.000000
7.932078 25.198772 1.305885 0.000000 -0.000000 0.000000 25.000000
8.012652 25.394968 1.305046 0.000000 -0.000000 0.000000 25.000000
8.087002 25.581554 1.305719 0.000000 -0.000000 0.000000 25.000000
8.161860 25.775677 1.308577 0.000000 -0.000000 0.000000 25.000000
8.233522 25.965879 1.313930 0.000000 -0.000000 0.000000 26.000000
8.304606 26.155308 1.321966 0.000000 -0.000000 0.000000 26.000000
8.377595 26.346430 1.332817 0.000000 -0.000000 0.000000 26.000000
8.453513 26.538509 1.346497 0.000000 -0.000000 0.000000 26.000000
8.534838 26.737291 1.363331 0.000000 -0.000000 0.000000 26.000000
8.612930 26.922911 1.381074 0.000000 -0.000000 0.000000 26.000000
8.691929 27.107199 1.400381 0.000000 -0.000000 0.000000 26.000000
8.772379 27.291737 1.421147 0.000000 -0.000000 0.000000 26.000000
8.853392 27.479107 1.442783 0.000000 -0.000000 0.000000 27.000000
8.934964 27.671841 1.464890 0.000000 -0.000000 0.000000 27.000000
9.011452 27.856112 1.485584 0.000000 -0.000000 0.000000 27.000000
9.089802 28.047348 1.506488 0.000000 -0.000000 0.000000 27.000000
9.170856 28.245802 1.527631 0.000000 -0.000000 0.000000 27.000000
9.248169 28.434210 1.547273 0.000000 -0.000000 0.000000 27.000000
9.328687 28.628595 1.567207 0.000000 -0.000000 0.000000 27.000000
9.410675 28.823509 1.586971 0.000000 -0.000000 0.000000 27.000000
9.488938 29.007862 1.605429 0.000000 -0.000000 0.000000 28.000000
9.567363 29.191309 1.623673 0.000000 -0.000000 0.000000 28.000000
9.652740 29.389885 1.643313 0.000000 -0.000000 0.000000 28.000000
9.733964 29.581350 1.662001 0.000000 -0.000000 0.000000 28.000000
9.811299 29.767939 1.679984 0.000000 -0.000000 0.000000 28.000000
9.885677 29.965986 1.698304 0.000000 -0.000000 0.000000 28.000000
9.947586 30.159420 1.715129 0.000000 -0.000000 0.000000 28.000000
10.000749 30.365461 1.731684 0.000000 -0.000000 0.000000 28.000000
10.039987 30.569649 1.746604 0.000000 -0.000000 0.000000 28.000000
10.066210 30.773909 1.760112 0.000000 -0.000000 0.000000 29.000000
10.080283 30.979813 1.772449 0.000000 -0.000000 0.000000 29.000000
10.082339 31.195011 1.784183 0.000000 -0.000000 0.000000 29.000000
10.073637 31.406359 1.794779 0.000000 -0.000000 0.000000 29.000000
10.056618 31.616657 1.804669 0.000000 -0.000000 0.000000 29.000000
10.032660 31.823544 1.813885 0.000000 -0.000000 0.000000 29.000000
10.002713 32.026253 1.822473 0.000000 -0.000000 0.000000 29.000000
9.967444 32.225189 1.830439 0.000000 -0.000000 0.000000 30.000000
9.925107 32.433441 1.837934 0.000000 -0.000000 0.000000 30.000000
9.878541 32.641510 1.844457 0.000000 -0.000000 0.000000 30.000000
9.829358 32.844738 1.850114 0.000000 -0.000000 0.000000 30.000000
9.779208 33.038334 1.854989 0.000000 -0.000000 0.000000 30.000000
9.723933 33.238464 1.859590 0.000000 -0.000000 0.000000 30.000000
9.663596 33.443310 1.863905 0.000000 -0.000000 0.000000 30.000000
9.598304 33.650925 1.867920 0.000000 -0.000000 0.000000 30.000000
9.528410 33.859509 1.871620 0.000000 -0.000000 0.000000 30.000000
9.459226 34.054367 1.874750 0.000000 -0.000000 0.000000 31.000000
9.382134 34.261803 1.877743 0.000000 -0.000000 0.000000 31.000000
9.304355 34.466133 1.880443 0.000000 -0.000000 0.000000 31.000000
9.227352 34.665951 1.882863 0.000000 -0.000000 0.000000 31.000000
9.152839 34.858971 1.885007 0.000000 -0.000000 0.000000 31.000000
9.074273 35.052494 1.887006 0.000000 -0.000000 0.000000 31.000000
8.998368 35.246422 1.888802 0.000000 -0.000000 0.000000 31.000000
8.915678 35.441620 1.890483 0.000000 -0.000000 0.000000 31.000000
8.822388 35.628685 1.892022 0.000000 -0.000000 0.000000 31.000000
8.715347 35.799274 1.893393 0.000000 -0.000000 0.000000 32.000000
8.583202 35.956493 1.894651 0.000000 -0.000000 0.000000 32.000000
8.420989 36.088860 1.895746 0.000000 -0.000000 0.000000 32.000000
8.233271 36.177483 1.896584 0.000000 -0.000000 0.000000 32.000000
8.034695 36.236565 1.897250 0.000000 -0.000000 0.000000 32.000000
7.830481 36.261013 1.897737 0.000000 -0.000000 0.000000 32.000000
7.622706 36.260223 1.898115 0.000000 -0.000000 0.000000 33.000000
7.411768 36.245369 1.898413 0.000000 -0.000000 0.000000 33.000000
7.197587 36.230087 1.898647 0.000000 -0.000000 0.000000 33.000000
6.982501 36.220814 1.898839 0.000000 -0.000000 0.000000 33.000000
6.770633 36.219570 1.899002 0.000000 -0.000000 0.000000 33.000000
6.565735 36.225685 1.899145 0.000000 -0.000000 0.000000 33.000000
6.353893 36.239025 1.899280 0.000000 -0.000000 0.000000 33.000000
6.138012 36.259346 1.899405 0.000000 -0.000000 0.000000 34.000000
5.928912 36.285610 1.899511 0.000000 -0.000000 0.000000 34.000000
5.718160 36.317062 1.899609 0.000000 -0.000000 0.000000 34.000000
5.515414 36.350849 1.899698 0.000000 -0.000000 0.000000 34.000000
5.308309 36.388176 1.899781 0.000000 -0.000000 0.000000 34.000000
5.101341 36.427692 1.899852 0.000000 -0.000000 0.000000 34.000000
4.894527 36.469082 1.899903 0.000000 -0.000000 0.000000 34.000000
4.693141 36.510750 1.899935 0.000000 -0.000000 0.000000 34.000000
4.487973 36.553810 1.899953 0.000000 -0.000000 0.000000 35.000000
4.290940 36.594933 1.899962 0.000000 -0.000000 0.000000 35.000000
4.086499 36.636681 1.899967 0.000000 -0.000000 0.000000 35.000000
3.876369 36.678249 1.899969 0.000000 -0.000000 0.000000 35.000000
3.677261 36.715958 1.899969 0.000000 -0.000000 0.000000 35.000000
3.467257 36.754051 1.899968 0.000000 -0.000000 0.000000 35.000000
3.267509 36.789043 1.899967 0.000000 -0.000000 0.000000 36.000000
3.059027 36.824257 1.899966 0.000000 -0.000000 0.000000 36.000000
2.853640 36.857922 1.899966 0.000000 -0.000000 0.000000 36.000000
2.648685 36.893112 1.899967 0.000000 -0.000000 0.000000 36.000000
2.451772 36.937077 1.899970 0.000000 -0.000000 0.000000 36.000000
2.261722 37.008888 1.899975 0.000000 -0.000000 0.000000 37.000000
2.123718 37.159389 1.899982 0.000000 -0.000000 0.000000 37.000000
2.031791 37.337200 1.899990 0.000000 -0.000000 0.000000 37.000000
2.012967 37.539070 1.899994 0.000000 -0.000000 0.000000 38.000000
2.025067 37.746094 1.899997 0.000000 -0.000000 0.000000 38.000000
2.050463 37.946980 1.899999 0.000000 -0.000000 0.000000 38.000000
2.079669 38.147827 1.900000 0.000000 -0.000000 0.000000 38.000000
2.113191 38.348206 1.900001 0.000000 -0.000000 0.000000 39.000000
2.149267 38.549366 1.900002 0.000000 -0.000000 0.000000 39.000000
2.184770 38.754864 1.900003 0.000000 -0.000000 0.000000 39.000000
2.217507 38.954807 1.900003 0.000000 -0.000000 0.000000 39.000000
2.252106 39.156670 1.900003 0.000000 -0.000000 0.000000 40.000000
2.289778 39.359344 1.900003 0.000000 -0.000000 0.000000 40.000000
2.327698 39.556015 1.900003 0.000000 -0.000000 0.000000 40.000000
2.367389 39.753681 1.900003 0.000000 -0.000000 0.000000 40.000000
2.409517 39.961102 1.900003 0.000000 -0.000000 0.000000 40.000000
2.449275 40.161770 1.900003 0.000000 -0.000000 0.000000 40.000000
2.488393 40.364349 1.900002 0.000000 -0.000000 0.000000 41.000000
2.526301 40.565006 1.900002 0.000000 -0.000000 0.000000 41.000000
2.565738 40.777130 1.900002 0.000000 -0.000000 0.000000 41.000000
2.603809 40.983021 1.900001 0.000000 -0.000000 0.000000 41.000000
2.640589 41.181183 1.900001 0.000000 -0.000000 0.000000 41.000000
2.679003 41.385651 1.900001 0.000000 -0.000000 0.000000 41.000000
2.718072 41.592922 1.900001 0.000000 -0.000000 0.000000 41.000000
2.756855 41.798958 1.900000 0.000000 -0.000000 0.000000 41.000000
2.794517 42.000854 1.900000 0.000000 -0.000000 0.000000 41.000000
2.830857 42.204231 1.900000 0.000000 -0.000000 0.000000 42.000000
2.865772 42.417843 1.899999 0.000000 -0.000000 0.000000 42.000000
2.896287 42.621513 1.899999 0.000000 -0.000000 0.000000 42.000000
2.925678 42.831573 1.899998 0.000000 -0.000000 0.000000 42.000000
2.954039 43.045818 1.899998 0.000000 -0.000000 0.000000 42.000000
2.981483 43.262226 1.899998 0.000000 -0.000000 0.000000 42.000000
3.008079 43.479401 1.899997 0.000000 -0.000000 0.000000 42.000000
3.033919 43.696758 1.899997 0.000000 -0.000000 0.000000 42.000000
3.059077 43.914169 1.899997 0.000000 -0.000000 0.000000 42.000000
3.082590 44.124062 1.899997 0.000000 -0.000000 0.000000 43.000000
3.105935 44.338249 1.899996 0.000000 -0.000000 0.000000 43.000000
3.128411 44.549053 1.899996 0.000000 -0.000000 0.000000 43.000000
3.149836 44.753059 1.899996 0.000000 -0.000000 0.000000 43.000000
3.171216 44.953880 1.899996 0.000000 -0.000000 0.000000 43.000000
3.195254 45.152836 1.899995 0.000000 -0.000000 0.000000 43.000000
3.224533 45.352966 1.899995 0.000000 -0.000000 0.000000 43.000000
3.259728 45.554440 1.899994 0.000000 -0.000000 0.000000 43.000000
3.301065 45.757008 1.899994 0.000000 -0.000000 0.000000 43.000000
3.348471 45.959923 1.899994 0.000000 -0.000000 0.000000 43.000000
3.401961 46.163296 1.899993 0.000000 -0.000000 0.000000 44.000000
3.461416 46.366821 1.899993 0.000000 -0.000000 0.000000 44.000000
3.526734 46.570457 1.899993 0.000000 -0.000000 0.000000 44.000000
3.593385 46.761818 1.899993 0.000000 -0.000000 0.000000 44.000000
3.671072 46.964680 1.899993 0.000000 -0.000000 0.000000 44.000000
3.752174 47.165417 1.899992 0.000000 -0.000000 0.000000 44.000000
3.834964 47.362297 1.899991 0.000000 -0.000000 0.000000 44.000000
3.917653 47.553448 1.899989 0.000000 -0.000000 0.000000 44.000000
3.998943 47.737690 1.899986 0.000000 -0.000000 0.000000 44.000000
4.085338 47.932152 1.900074 0.000000 -0.000000 0.000000 44.000000
4.168158 48.125210 1.900907 0.000000 -0.000000 0.000000 45.000000
4.245232 48.322430 1.903235 0.000000 -0.000000 0.000000 45.000000
4.316003 48.525875 1.907617 0.000000 -0.000000 0.000000 45.000000
4.380365 48.735588 1.914509 0.000000 -0.000000 0.000000 45.000000
4.433368 48.930984 1.923223 0.000000 -0.000000 0.000000 45.000000
4.481132 49.129440 1.934434 0.000000 -0.000000 0.000000 45.000000
4.523743 49.330120 1.948260 0.000000 -0.000000 0.000000 45.000000
4.561150 49.531887 1.964721 0.000000 -0.000000 0.000000 45.000000
4.594666 49.742119 1.984475 0.000000 -0.000000 0.000000 45.000000
4.619886 49.943104 2.006710 0.000000 -0.000000 0.000000 46.000000
4.640500 50.141521 2.030590 0.000000 -0.000000 0.000000 46.000000
4.658309 50.355358 2.058169 0.000000 -0.000000 0.000000 46.000000
4.671438 50.562222 2.086393 0.000000 -0.000000 0.000000 46.000000
4.680736 50.776543 2.116935 0.000000 -0.000000 0.000000 46.000000
4.685773 50.983276 2.147213 0.000000 -0.000000 0.000000 46.000000
4.686552 51.181988 2.174755 0.000000 -0.000000 0.000000 46.000000
4.682466 51.389023 2.200041 0.000000 -0.000000 0.000000 46.000000
4.671571 51.602577 2.221755 0.000000 -0.000000 0.000000 47.000000
4.652819 51.806641 2.238474 0.000000 -0.000000 0.000000 47.000000
4.623984 52.017258 2.252086 0.000000 -0.000000 0.000000 47.000000
4.586734 52.226303 2.262326 0.000000 -0.000000 0.000000 47.000000
4.545020 52.424564 2.269040 0.000000 -0.000000 0.000000 47.000000
4.496128 52.630833 2.273272 0.000000 -0.000000 0.000000 47.000000
4.442547 52.837334 2.274915 0.000000 -0.000000 0.000000 47.000000
4.385801 53.039497 2.273943 0.000000 -0.000000 0.000000 48.000000
4.327035 53.235001 2.270495 0.000000 -0.000000 0.000000 48.000000
4.262855 53.436245 2.264359 0.000000 -0.000000 0.000000 48.000000
4.197043 53.637413 2.256202 0.000000 -0.000000 0.000000 48.000000
4.133500 53.832142 2.247134 0.000000 -0.000000 0.000000 48.000000
4.067099 54.036427 2.236439 0.000000 -0.000000 0.000000 48.000000
4.002338 54.235580 2.224799 0.000000 -0.000000 0.000000 48.000000
3.939532 54.427593 2.212391 0.000000 -0.000000 0.000000 49.000000
3.873589 54.627361 2.198350 0.000000 -0.000000 0.000000 49.000000
3.809389 54.820160 2.184009 0.000000 -0.000000 0.000000 49.000000
3.743014 55.016434 2.168465 0.000000 -0.000000 0.000000 49.000000
3.675421 55.214359 2.152327 0.000000 -0.000000 0.000000 49.000000
3.607615 55.411057 2.135980 0.000000 -0.000000 0.000000 49.000000
3.541384 55.602985 2.119903 0.000000 -0.000000 0.000000 49.000000
3.470844 55.807693 2.102840 0.000000 -0.000000 0.000000 49.000000
3.407280 56.008892 2.087288 0.000000 -0.000000 0.000000 49.000000
3.354663 56.209122 2.074153 0.000000 -0.000000 0.000000 50.000000
3.313630 56.411106 2.063980 0.000000 -0.000000 0.000000 50.000000
3.284210 56.616344 2.057238 0.000000 -0.000000 0.000000 50.000000
3.265862 56.826733 2.054137 0.000000 -0.000000 0.000000 50.000000
3.258075 57.043232 2.054852 0.000000 -0.000000 0.000000 50.000000
3.259767 57.246727 2.058954 0.000000 -0.000000 0.000000 50.000000
3.269754 57.454178 2.066613 0.000000 -0.000000 0.000000 50.000000
3.288356 57.665726 2.077827 0.000000 -0.000000 0.000000 50.000000
3.312675 57.876278 2.091351 0.000000 -0.000000 0.000000 51.000000
3.341571 58.082947 2.106611 0.000000 -0.000000 0.000000 51.000000
3.373724 58.282314 2.122988 0.000000 -0.000000 0.000000 51.000000
3.411536 58.495094 2.141691 0.000000 -0.000000 0.000000 51.000000
3.446041 58.694546 2.158633 0.000000 -0.000000 0.000000 51.000000
3.478238 58.903954 2.174509 0.000000 -0.000000 0.000000 51.000000
3.506626 59.121948 2.188549 0.000000 -0.000000 0.000000 51.000000
3.528194 59.325867 2.199183 0.000000 -0.000000 0.000000 51.000000
3.545234 59.533222 2.207423 0.000000 -0.000000 0.000000 51.000000
3.557422 59.742264 2.212992 0.000000 -0.000000 0.000000 51.000000
3.564740 59.952293 2.215767 0.000000 -0.000000 0.000000 52.000000
3.567193 60.162186 2.215665 0.000000 -0.000000 0.000000 52.000000
3.564765 60.373394 2.212707 0.000000 -0.000000 0.000000 52.000000
3.556427 60.581009 2.206289 0.000000 -0.000000 0.000000 52.000000
3.544431 60.785221 2.197843 0.000000 -0.000000 0.000000 52.000000
3.529326 60.984642 2.187760 0.000000 -0.000000 0.000000 52.000000
3.509939 61.195015 2.175345 0.000000 -0.000000 0.000000 52.000000
3.487747 61.399136 2.161695 0.000000 -0.000000 0.000000 52.000000
3.462577 61.599861 2.146928 0.000000 -0.000000 0.000000 52.000000
3.434097 61.801868 2.131098 0.000000 -0.000000 0.000000 53.000000
3.402429 62.007565 2.114520 0.000000 -0.000000 0.000000 53.000000
3.367952 62.217796 2.097650 0.000000 -0.000000 0.000000 53.000000
3.331117 62.432346 2.080950 0.000000 -0.000000 0.000000 53.000000
3.296001 62.630394 2.066312 0.000000 -0.000000 0.000000 53.000000
3.259578 62.830540 2.052437 0.000000 -0.000000 0.000000 53.000000
3.222044 63.031609 2.039493 0.000000 -0.000000 0.000000 53.000000
3.182129 63.239613 2.027094 0.000000 -0.000000 0.000000 53.000000
3.142488 63.439541 2.016333 0.000000 -0.000000 0.000000 53.000000
3.102545 63.636734 2.006318 0.000000 -0.000000 0.000000 54.000000
3.058751 63.848637 1.996054 0.000000 -0.000000 0.000000 54.000000
3.015651 64.053238 1.986467 0.000000 -0.000000 0.000000 54.000000
2.973804 64.249062 1.977518 0.000000 -0.000000 0.000000 54.000000
2.928739 64.458542 1.968370 0.000000 -0.000000 0.000000 54.000000
2.883564 64.671486 1.959910 0.000000 -0.000000 0.000000 54.000000
2.841275 64.873489 1.952709 0.000000 -0.000000 0.000000 54.000000
2.797637 65.081902 1.945979 0.000000 -0.000000 0.000000 54.000000
2.752369 65.296097 1.939692 0.000000 -0.000000 0.000000 54.000000
2.709852 65.494377 1.934386 0.000000 -0.000000 0.000000 55.000000
2.666098 65.695007 1.929506 0.000000 -0.000000 0.000000 55.000000
2.621296 65.896851 1.925122 0.000000 -0.000000 0.000000 55.000000
2.574309 66.105278 1.921157 0.000000 -0.000000 0.000000 55.000000
2.527852 66.306030 1.918078 0.000000 -0.000000 0.000000 55.000000
2.481156 66.504883 1.915448 0.000000 -0.000000 0.000000 55.000000
2.434864 66.699471 1.913213 0.000000 -0.000000 0.000000 55.000000
2.384727 66.907654 1.911117 0.000000 -0.000000 0.000000 55.000000
2.336037 67.107513 1.909334 0.000000 -0.000000 0.000000 55.000000
2.280078 67.305725 1.907435 0.000000 -0.000000 0.000000 56.000000
2.229478 67.502724 1.905893 0.000000 -0.000000 0.000000 56.000000
2.172001 67.703537 1.903919 0.000000 -0.000000 0.000000 56.000000
2.102725 67.904427 1.900904 0.000000 -0.000000 0.000000 56.000000
2.023669 68.089989 1.896580 0.000000 -0.000000 0.000000 56.000000
1.927853 68.273109 1.890210 0.000000 -0.000000 0.000000 56.000000
1.813617 68.451988 1.881216 0.000000 -0.000000 0.000000 56.000000
1.684972 68.620216 1.869457 0.000000 -0.000000 0.000000 57.000000
1.552709 68.772316 1.856044 0.000000 -0.000000 0.000000 57.000000
1.406879 68.923920 1.839769 0.000000 -0.000000 0.000000 57.000000
1.257602 69.067169 1.822079 0.000000 -0.000000 0.000000 57.000000
1.107352 69.207176 1.802776 0.000000 -0.000000 0.000000 57.000000
0.952457 69.343307 1.783065 0.000000 -0.000000 0.000000 57.000000
0.790915 69.476234 1.763694 0.000000 -0.000000 0.000000 58.000000
0.632993 69.599609 1.745913 0.000000 -0.000000 0.000000 58.000000
0.470383 69.722298 1.728575 0.000000 -0.000000 0.000000 58.000000
0.304667 69.845299 1.711509 0.000000 -0.000000 0.000000 58.000000
0.136440 69.970284 1.694406 0.000000 -0.000000 0.000000 58.000000
-0.030097 70.094925 1.677432 0.000000 -0.000000 0.000000 58.000000
-0.194319 70.219872 1.660344 0.000000 -0.000000 0.000000 58.000000
-0.351437 70.343719 1.643516 0.000000 -0.000000 0.000000 59.000000
-0.508214 70.481110 1.625742 0.000000 -0.000000 0.000000 59.000000
-0.652945 70.632645 1.607948 0.000000 -0.000000 0.000000 59.000000
-0.783162 70.796196 1.590588 0.000000 -0.000000 0.000000 59.000000
-0.897379 70.970818 1.574048 0.000000 -0.000000 0.000000 59.000000
-0.986637 71.149742 1.560009 0.000000 -0.000000 0.000000 60.000000
-1.065128 71.337364 1.546768 0.000000 -0.000000 0.000000 60.000000
-1.130441 71.528145 1.534838 0.000000 -0.000000 0.000000 60.000000
-1.186581 71.723251 1.523816 0.000000 -0.000000 0.000000 60.000000
-1.231201 71.922745 1.514322 0.000000 -0.000000 0.000000 60.000000
-1.268000 72.126816 1.505749 0.000000 -0.000000 0.000000 61.000000
-1.305216 72.333107 1.496601 0.000000 -0.000000 0.000000 61.000000
-1.342055 72.532875 1.487241 0.000000 -0.000000 0.000000 61.000000
-1.380515 72.740059 1.477310 0.000000 -0.000000 0.000000 61.000000
-1.416653 72.942001 1.467796 0.000000 -0.000000 0.000000 61.000000
-1.451644 73.148636 1.458473 0.000000 -0.000000 0.000000 62.000000
-1.485359 73.359352 1.449466 0.000000 -0.000000 0.000000 62.000000
-1.517004 73.570366 1.441026 0.000000 -0.000000 0.000000 62.000000
-1.546674 73.778297 1.433138 0.000000 -0.000000 0.000000 62.000000
-1.574872 73.980133 1.425679 0.000000 -0.000000 0.000000 62.000000
-1.604123 74.190842 1.417991 0.000000 -0.000000 0.000000 62.000000
-1.632991 74.401825 1.410452 0.000000 -0.000000 0.000000 62.000000
-1.661090 74.608681 1.403169 0.000000 -0.000000 0.000000 62.000000
-1.682091 74.819031 1.395936 0.000000 -0.000000 0.000000 63.000000
-1.707926 75.024376 1.388954 0.000000 -0.000000 0.000000 63.000000
-1.728732 75.239799 1.381789 0.000000 -0.000000 0.000000 63.000000
-1.736211 75.440262 1.375322 0.000000 -0.000000 0.000000 63.000000
-1.726054 75.653404 1.368747 0.000000 -0.000000 0.000000 63.000000
-1.693759 75.857132 1.362886 0.000000 -0.000000 0.000000 63.000000
-1.637419 76.049034 1.357853 0.000000 -0.000000 0.000000 63.000000
-1.551611 76.237114 1.353442 0.000000 -0.000000 0.000000 64.000000
-1.437554 76.409279 1.349839 0.000000 -0.000000 0.000000 64.000000
-1.307222 76.564827 1.346897 0.000000 -0.000000 0.000000 64.000000
-1.160047 76.710846 1.344379 0.000000 -0.000000 0.000000 64.000000
-0.998730 76.841705 1.342440 0.000000 -0.000000 0.000000 64.000000
-0.832097 76.955307 1.341042 0.000000 -0.000000 0.000000 65.000000
-0.660869 77.058754 1.339969 0.000000 -0.000000 0.000000 65.000000
-0.486376 77.159874 1.339011 0.000000 -0.000000 0.000000 65.000000
-0.309593 77.262253 1.338087 0.000000 -0.000000 0.000000 65.000000
-0.134861 77.364761 1.337211 0.000000 -0.000000 0.000000 65.000000
0.044568 77.471519 1.336348 0.000000 -0.000000 0.000000 66.000000
0.217079 77.576668 1.335496 0.000000 -0.000000 0.000000 66.000000
0.390107 77.685425 1.334580 0.000000 -0.000000 0.000000 66.000000
0.559668 77.795258 1.333605 0.000000 -0.000000 0.000000 66.000000
0.734010 77.910179 1.332695 0.000000 -0.000000 0.000000 66.000000
0.906367 78.026527 1.332344 0.000000 -0.000000 0.000000 67.000000
1.075701 78.136909 1.333880 0.000000 -0.000000 0.000000 67.000000
1.253543 78.245796 1.337877 0.000000 -0.000000 0.000000 67.000000
1.434881 78.350632 1.344226 0.000000 -0.000000 0.000000 67.000000
1.616242 78.455322 1.352968 0.000000 -0.000000 0.000000 67.000000
1.796381 78.559174 1.362697 0.000000 -0.000000 0.000000 68.000000
1.968133 78.661568 1.373411 0.000000 -0.000000 0.000000 68.000000
2.145531 78.769958 1.385568 0.000000 -0.000000 0.000000 68.000000
2.320410 78.879387 1.398468 0.000000 -0.000000 0.000000 68.000000
2.491265 78.989113 1.411942 0.000000 -0.000000 0.000000 68.000000
2.666023 79.104736 1.426751 0.000000 -0.000000 0.000000 68.000000
2.835883 79.221222 1.442375 0.000000 -0.000000 0.000000 69.000000
3.001933 79.338478 1.458703 0.000000 -0.000000 0.000000 69.000000
3.167159 79.459091 1.476131 0.000000 -0.000000 0.000000 69.000000
3.331294 79.582611 1.494570 0.000000 -0.000000 0.000000 69.000000
3.495486 79.709160 1.513968 0.000000 -0.000000 0.000000 69.000000
3.661991 79.839226 1.534243 0.000000 -0.000000 0.000000 69.000000
3.822085 79.964859 1.553765 0.000000 -0.000000 0.000000 70.000000
3.988309 80.095100 1.573560 0.000000 -0.000000 0.000000 70.000000
4.149484 80.220833 1.591978 0.000000 -0.000000 0.000000 70.000000
4.316391 80.350838 1.610609 0.000000 -0.000000 0.000000 70.000000
4.474188 80.473869 1.628094 0.000000 -0.000000 0.000000 70.000000
4.633671 80.598488 1.645798 0.000000 -0.000000 0.000000 70.000000
4.794166 80.724182 1.663665 0.000000 -0.000000 0.000000 70.000000
4.955446 80.850716 1.681627 0.000000 -0.000000 0.000000 71.000000
5.116550 80.977394 1.699583 0.000000 -0.000000 0.000000 71.000000
5.276444 81.103729 1.717529 0.000000 -0.000000 0.000000 71.000000
5.433498 81.228790 1.735407 0.000000 -0.000000 