0.184031 -0.051660 1.072402 0.000000 -0.000000 0.000000 0.000000
0.371983 -0.129285 1.149202 0.000000 -0.000000 0.000000 0.000000
0.547304 -0.211318 1.208164 0.000000 -0.000000 0.000000 0.000000
0.741599 -0.311032 1.257144 0.000000 -0.000000 0.000000 0.000000
0.926108 -0.412842 1.288328 0.000000 -0.000000 0.000000 0.000000
1.118466 -0.513798 1.301077 0.000000 -0.000000 0.000000 0.000000
1.306832 -0.601645 1.295050 0.000000 -0.000000 0.000000 0.000000
1.510019 -0.630602 1.297741 0.000000 -0.000000 0.000000 1.000000
1.721844 -0.613107 1.304695 0.000000 -0.000000 0.000000 1.000000
1.923540 -0.572751 1.313649 0.000000 -0.000000 0.000000 1.000000
2.105785 -0.472185 1.327969 0.000000 -0.000000 0.000000 1.000000
2.283010 -0.344020 1.344910 0.000000 -0.000000 0.000000 1.000000
2.444086 -0.203585 1.362854 0.000000 -0.000000 0.000000 1.000000
2.590301 -0.050704 1.381810 0.000000 -0.000000 0.000000 1.000000
2.722170 0.127150 1.403077 0.000000 -0.000000 0.000000 1.000000
2.826020 0.306370 1.423694 0.000000 -0.000000 0.000000 1.000000
2.925114 0.505672 1.445726 0.000000 -0.000000 0.000000 2.000000
3.016765 0.700775 1.466346 0.000000 -0.000000 0.000000 2.000000
3.110876 0.905935 1.487275 0.000000 -0.000000 0.000000 2.000000
3.196167 1.091999 1.505638 0.000000 -0.000000 0.000000 2.000000
3.286225 1.287076 1.524332 0.000000 -0.000000 0.000000 2.000000
3.381189 1.490462 1.543275 0.000000 -0.000000 0.000000 2.000000
3.481385 1.701440 1.562464 0.000000 -0.000000 0.000000 2.000000
3.586026 1.916915 1.581769 0.000000 -0.000000 0.000000 2.000000
3.677106 2.101127 1.598242 0.000000 -0.000000 0.000000 2.000000
3.770414 2.287444 1.615070 0.000000 -0.000000 0.000000 2.000000
3.865943 2.475455 1.632367 0.000000 -0.000000 0.000000 2.000000
3.963421 2.663626 1.650125 0.000000 -0.000000 0.000000 2.000000
4.063012 2.851529 1.668389 0.000000 -0.000000 0.000000 2.000000
4.164123 3.037853 1.687025 0.000000 -0.000000 0.000000 2.000000
4.266484 3.222071 1.705950 0.000000 -0.000000 0.000000 2.000000
4.369152 3.403153 1.724965 0.000000 -0.000000 0.000000 2.000000
4.471443 3.580834 1.743924 0.000000 -0.000000 0.000000 2.000000
4.572312 3.754459 1.762610 0.000000 -0.000000 0.000000 3.000000
4.689718 3.956460 1.784322 0.000000 -0.000000 0.000000 3.000000
4.801688 4.151199 1.804950 0.000000 -0.000000 0.000000 3.000000
4.906706 4.337959 1.824164 0.000000 -0.000000 0.000000 3.000000
5.003546 4.516079 1.841650 0.000000 -0.000000 0.000000 3.000000
5.105561 4.712666 1.859503 0.000000 -0.000000 0.000000 3.000000
5.195465 4.897072 1.874310 0.000000 -0.000000 0.000000 3.000000
5.283624 5.093419 1.887307 0.000000 -0.000000 0.000000 3.000000
5.364143 5.296565 1.896697 0.000000 -0.000000 0.000000 3.000000
5.430581 5.500957 1.900598 0.000000 -0.000000 0.000000 3.000000
5.613549 5.595022 1.936263 0.000000 -0.000000 0.000000 4.000000
5.791771 5.692683 1.975101 0.000000 -0.000000 0.000000 4.000000
5.978370 5.798590 2.017702 0.000000 -0.000000 0.000000 4.000000
6.173205 5.912563 2.063584 0.000000 -0.000000 0.000000 4.000000
6.364480 6.027430 2.109295 0.000000 -0.000000 0.000000 4.000000
6.543200 6.137178 2.151934 0.000000 -0.000000 0.000000 4.000000
6.735133 6.257461 2.196889 0.000000 -0.000000 0.000000 4.000000
6.903744 6.365073 2.235132 0.000000 -0.000000 0.000000 4.000000
7.080894 6.479988 2.273577 0.000000 -0.000000 0.000000 4.000000
7.265445 6.601633 2.311371 0.000000 -0.000000 0.000000 4.000000
7.457834 6.730469 2.348014 0.000000 -0.000000 0.000000 4.000000
7.655392 6.865510 2.382648 0.000000 -0.000000 0.000000 4.000000
7.855952 7.007227 2.414918 0.000000 -0.000000 0.000000 4.000000
8.016336 7.124648 2.438694 0.000000 -0.000000 0.000000 5.000000
8.214318 7.273048 2.465602 0.000000 -0.000000 0.000000 5.000000
8.405472 7.417937 2.488926 0.000000 -0.000000 0.000000 5.000000
8.589572 7.557848 2.508604 0.000000 -0.000000 0.000000 5.000000
7.611671 6.835254 2.375220 0.000000 -0.000000 0.000000 5.000000
7.812383 6.974204 2.408074 0.000000 -0.000000 0.000000 5.000000
8.015303 7.111388 2.438066 0.000000 -0.000000 0.000000 5.000000
8.219812 7.242769 2.464856 0.000000 -0.000000 0.00